0D6600000
017458028
003200000
017434000
003200000
017444000
003200000
017488000
003200000
017490024
003200000
017444000
003200000
017434000
003200000
017490000
003200000
017464080
003200000
017444000
003200000
017434000
003200000
017464000
003200000
01744C01C
003200000
01743C000
003200000
017428000
003200000
017448000
003200000
017444018
003200000
017434000
003200000
017428000
003200000
031B34000
003200000
017444018
003200000
017434000
003200000
017428000
003200000
017420330
003200000
017428A14
003200000
031B28A17
000000003